1 0.501955 0.427735 0.003910 0.003910
1 0.386715 0.357425 0.007810 0.003910
1 0.515625 0.349610 0.007810 0.003900
1 0.494140 0.349610 0.003900 0.003900
1 0.603515 0.326170 0.003910 0.003900
1 0.593750 0.326170 0.007820 0.003900
1 0.406250 0.320310 0.015620 0.015620
1 0.621095 0.308595 0.015630 0.007810
1 0.630860 0.298830 0.003900 0.003900
1 0.619140 0.287110 0.003900 0.003900
1 0.585935 0.283205 0.007810 0.003910
1 0.585935 0.271480 0.007810 0.011720
1 0.457030 0.335940 0.117180 0.148440
1 0.488285 0.261715 0.007810 0.007810