1 0.416015 0.685545 0.003910 0.003910
1 0.423830 0.669925 0.003900 0.003910
1 0.466800 0.667965 0.074220 0.031250
1 0.416015 0.636720 0.019530 0.015620
1 0.416015 0.621095 0.003910 0.007810
1 0.443360 0.615235 0.003900 0.003910
1 0.423830 0.609375 0.011720 0.007810
1 0.427735 0.585935 0.019530 0.015630
1 0.572265 0.568360 0.003910 0.003900
1 0.521485 0.541015 0.003910 0.003910
1 0.558595 0.589845 0.218750 0.117190
1 0.433595 0.556640 0.031250 0.050780
1 0.406250 0.531250 0.007820 0.007820
1 0.500000 0.498045 0.070320 0.058590