1 0.626955 0.705075 0.003910 0.003910
1 0.611330 0.703125 0.003900 0.007810
1 0.587890 0.701170 0.003900 0.003900
1 0.638670 0.693360 0.003900 0.003900
1 0.626955 0.693360 0.003910 0.003900
1 0.533205 0.699220 0.097650 0.054680
1 0.408200 0.669925 0.011720 0.019530
1 0.451170 0.683595 0.074220 0.070310
1 0.439450 0.642580 0.011720 0.011720
1 0.496095 0.640625 0.023430 0.015630
1 0.392575 0.619140 0.003910 0.003900
1 0.474610 0.623050 0.035160 0.027340
1 0.417970 0.621095 0.039060 0.046870
1 0.373050 0.603515 0.011720 0.019530