1 0.42188 0.55859 0.4375 0.58594
1 0.26172 0.54688 0.30469 0.57812
1 0.49609 0.49219 0.5 0.49609
1 0.37891 0.47656 0.39453 0.51953
1 0.78516 0.43359 0.79297 0.4375
1 0.29688 0.42969 0.77734 0.65234
1 0.57031 0.41406 0.57812 0.42188
1 0.3125 0.41016 0.39062 0.44531
1 0.39453 0.39844 0.40625 0.40625
1 0.59375 0.38672 0.59766 0.39062
1 0.41016 0.36719 0.5625 0.42578
1 0.58594 0.36328 0.77734 0.43359
1 0.31641 0.35547 0.34375 0.39453
1 0.41406 0.33594 0.41797 0.33984
1 0.42188 0.33203 0.43359 0.34375
1 0.45312 0.28906 0.53125 0.35938