1 0.58203 0.66797 0.58594 0.67188
1 0.42188 0.66016 0.46484 0.69141
1 0.48047 0.65234 0.52734 0.67969
1 0.45703 0.65234 0.46094 0.65625
1 0.44922 0.65234 0.45312 0.65625
1 0.5 0.64062 0.51953 0.64844
1 0.57422 0.63672 0.62891 0.65234
1 0.48828 0.63672 0.49609 0.64062
1 0.37109 0.62891 0.42188 0.66797
1 0.78906 0.55469 0.82812 0.57812
1 0.47266 0.41797 0.49609 0.42969
1 0.46484 0.41797 0.46875 0.42188
1 0.52734 0.39062 0.53125 0.39453
1 0.53516 0.375 0.53906 0.37891
1 0.45703 0.34766 0.54297 0.41406