1 0.55078 0.72266 0.5625 0.72656
1 0.63672 0.71875 0.64062 0.72656
1 0.60547 0.71094 0.60938 0.71484
1 0.59766 0.69922 0.60156 0.70312
1 0.57031 0.69922 0.58203 0.70703
1 0.60938 0.69141 0.61328 0.69531
1 0.57031 0.64062 0.57422 0.64453
1 0.58594 0.625 0.67188 0.72656
1 0.47656 0.61328 0.49609 0.62891
1 0.48828 0.59375 0.52344 0.60547
1 0.47656 0.58594 0.48438 0.58984
1 0.43359 0.57812 0.47656 0.60938
1 0.44141 0.57812 0.44531 0.58203
1 0.44922 0.57422 0.45312 0.57812
1 0.44141 0.5625 0.45703 0.57031