1 0.4375 0.60156 0.44531 0.61328
1 0.48438 0.59766 0.48828 0.60156
1 0.38672 0.59375 0.50781 0.66406
1 0.41406 0.55859 0.42188 0.56641
1 0.41016 0.55078 0.41406 0.55469
1 0.35547 0.55078 0.40625 0.58203
1 0.42969 0.54688 0.44141 0.55859
1 0.43359 0.53906 0.4375 0.54297
1 0.36328 0.51172 0.44531 0.54297
1 0.47266 0.50781 0.47656 0.51562
1 0.37891 0.48047 0.43359 0.50781
1 0.41797 0.47266 0.42188 0.47656
1 0.33203 0.46875 0.35938 0.48828
1 0.32031 0.46875 0.32812 0.47656
1 0.36328 0.46484 0.375 0.48438
1 0.39453 0.45312 0.42188 0.46875
1 0.32422 0.45312 0.32812 0.45703
1 0.44922 0.44922 0.48438 0.48828
1 0.35156 0.44922 0.36328 0.45703
1 0.33594 0.44531 0.34766 0.46094
1 0.41406 0.44141 0.42188 0.44922
1 0.35547 0.43359 0.35938 0.4375
1 0.34375 0.43359 0.34766 0.4375
1 0.33594 0.43359 0.33984 0.4375
1 0.35938 0.42188 0.37109 0.42969
1 0.375 0.41406 0.37891 0.41797