1 0.556640 0.724610 0.011720 0.003900
1 0.638670 0.722655 0.003900 0.007810
1 0.607425 0.712890 0.003910 0.003900
1 0.599610 0.701170 0.003900 0.003900
1 0.576170 0.703125 0.011720 0.007810
1 0.611330 0.693360 0.003900 0.003900
1 0.572265 0.642575 0.003910 0.003910
1 0.628910 0.675780 0.085940 0.101560
1 0.486325 0.621095 0.019530 0.015630
1 0.505860 0.599610 0.035160 0.011720
1 0.480470 0.587890 0.007820 0.003900
1 0.455075 0.593750 0.042970 0.031260
1 0.443360 0.580075 0.003900 0.003910
1 0.451170 0.576170 0.003900 0.003900
1 0.449220 0.566405 0.015620 0.007810