1 0.583985 0.669925 0.003910 0.003910
1 0.443360 0.675785 0.042960 0.031250
1 0.503905 0.666015 0.046870 0.027350
1 0.458985 0.654295 0.003910 0.003910
1 0.451170 0.654295 0.003900 0.003910
1 0.509765 0.644530 0.019530 0.007820
1 0.601565 0.644530 0.054690 0.015620
1 0.492185 0.638670 0.007810 0.003900
1 0.396485 0.648440 0.050790 0.039060
1 0.808590 0.566405 0.039060 0.023430
1 0.484375 0.423830 0.023430 0.011720
1 0.466795 0.419925 0.003910 0.003910
1 0.529295 0.392575 0.003910 0.003910
1 0.537110 0.376955 0.003900 0.003910
1 0.500000 0.380860 0.085940 0.066400