1 0.429690 0.572265 0.015620 0.027350
1 0.283205 0.562500 0.042970 0.031240
1 0.498045 0.494140 0.003910 0.003900
1 0.386720 0.498045 0.015620 0.042970
1 0.789065 0.435545 0.007810 0.003910
1 0.537110 0.541015 0.480460 0.222650
1 0.574215 0.417970 0.007810 0.007820
1 0.351560 0.427735 0.078120 0.035150
1 0.400390 0.402345 0.011720 0.007810
1 0.595705 0.388670 0.003910 0.003900
1 0.486330 0.396485 0.152340 0.058590
1 0.681640 0.398435 0.191400 0.070310
1 0.330080 0.375000 0.027340 0.039060
1 0.416015 0.337890 0.003910 0.003900
1 0.427735 0.337890 0.011710 0.011720
1 0.492185 0.324220 0.078130 0.070320