1 0.441405 0.607420 0.007810 0.011720
1 0.486330 0.599610 0.003900 0.003900
1 0.447265 0.628905 0.121090 0.070310
1 0.417970 0.562500 0.007820 0.007820
1 0.412110 0.552735 0.003900 0.003910
1 0.380860 0.566405 0.050780 0.031250
1 0.435550 0.552735 0.011720 0.011710
1 0.435545 0.541015 0.003910 0.003910
1 0.404295 0.527345 0.082030 0.031250
1 0.474610 0.511715 0.003900 0.007810
1 0.406250 0.494140 0.054680 0.027340
1 0.419925 0.474610 0.003910 0.003900
1 0.345705 0.478515 0.027350 0.019530
1 0.324215 0.472655 0.007810 0.007810
1 0.369140 0.474610 0.011720 0.019540
1 0.408205 0.460935 0.027350 0.015630
1 0.326170 0.455075 0.003900 0.003910
1 0.466800 0.468750 0.035160 0.039060
1 0.357420 0.453125 0.011720 0.007810
1 0.341800 0.453125 0.011720 0.015630
1 0.417970 0.445315 0.007820 0.007810
1 0.357425 0.435545 0.003910 0.003910
1 0.345705 0.435545 0.003910 0.003910
1 0.337890 0.435545 0.003900 0.003910
1 0.365235 0.425785 0.011710 0.007810
1 0.376955 0.416015 0.003910 0.003910