1 0.603515 0.603515 0.003910 0.003910
1 0.416015 0.605470 0.027350 0.015620
1 0.566410 0.593750 0.039060 0.015620
1 0.367190 0.591800 0.015620 0.011720
1 0.544920 0.615230 0.160160 0.074220
1 0.710940 0.593750 0.203120 0.101560
1 0.357420 0.554685 0.035160 0.031250
1 0.589845 0.517580 0.007810 0.011720
1 0.648435 0.435545 0.015630 0.003910
1 0.363280 0.443360 0.039060 0.035160
1 0.380860 0.414065 0.011720 0.007810
1 0.566405 0.388670 0.109370 0.050780
1 0.718750 0.400395 0.203120 0.082030
1 0.488280 0.367190 0.039060 0.015620
1 0.439455 0.365235 0.019530 0.019530